object_list:
- arm_name: biscuits
  object_name: right
  pick_pose:
    orientation:
      w: 0.0
      x: 0.0
      y: 0.0
      z: 0.0
    position:
      x: 0.5702521800994873
      y: -0.24758930504322052
      z: 0.7030307054519653
  place_pose:
    orientation:
      w: 0.0
      x: 0.0
      y: 0.0
      z: 0.0
    position:
      x: 0.0
      y: -0.71
      z: 0.605
  test_scene_num: 2
